2.6 26.1 18.2 7.6 21.98 73.25 4.133333
0 27 17.8 11.2 21.96 66.5 1.5
0 24.6 17 3.1 21.3 72 3.333333
0.1 27.4 19.7 4.4 22.24 81.25 0.933333
0 31.8 17.8 11.2 24.4 71.75 0.933333
0 31.8 21.2 8.5 25 76.75 1.5
0 31.8 21.6 10.2 25.38 75.5 1.866667
0 34.2 22.4 10.8 27.8 65.25 1.966667
0 35.8 21.8 10.9 28.12 64 2.2
0 32.4 24 6.8 27.6 68.5 1.366667
0 35 23.4 10.6 28.4 63.75 2.266667
0 32.4 22.4 7.7 26.56 74 1.433333
1.9 32.8 23.2 2 27.4 79.5 0.666667
0 33.8 22 9.5 26.92 74.25 0.933333
0.1 31.4 23.8 1.4 26.2 80.75 0.933333
0 34 23 6.7 26.6 79.75 1.3
3.2 33.5 24.4 5.6 27.34 83.25 2.866667
2.3 27.2 23.2 0.8 24.32 76.5 1.766667
0 30 18 11.6 23.64 68 2.4
0 32.8 18.6 10.3 24.96 67.25 1.4
0 35.8 19.2 11.2 27.32 62.5 2
0 32.6 16.8 7 25.72 70.5 3.133333
0 26.8 22 0.1 23.72 77.5 2.266667
0 28.8 19.8 9 24.32 74.5 4.1
25 23.9 18 1.6 20.62 89.25 2.233333
3.4 27.4 17 10.4 22.22 65.75 2.566667
0 27.8 17.2 10.4 22.28 71 1.966667
0 28.4 17.2 11.3 22.4 63 1.966667
0 32.3 18.6 10.6 24.42 66.75 2.166667
0 32.7 20.6 6.3 25.82 68.5 1.7
2.7 27.2 21 0.9 22.86 85.5 2

2.6,26.1,18.2,7.6,21.98,73.25,4.133333
0,27,17.8,11.2,21.96,66.5,1.5
0,24.6,17,3.1,21.3,72,3.333333
0.1,27.4,19.7,4.4,22.24,81.25,0.933333
0,31.8,17.8,11.2,24.4,71.75,0.933333
0,31.8,21.2,8.5,25,76.75,1.5
0,31.8,21.6,10.2,25.38,75.5,1.866667
0,34.2,22.4,10.8,27.8,65.25,1.966667
0,35.8,21.8,10.9,28.12,64,2.2
0,32.4,24,6.8,27.6,68.5,1.366667
0,35,23.4,10.6,28.4,63.75,2.266667
0,32.4,22.4,7.7,26.56,74,1.433333
1.9,32.8,23.2,2,27.4,79.5,0.666667
0,33.8,22,9.5,26.92,74.25,0.933333
0.1,31.4,23.8,1.4,26.2,80.75,0.933333
0,34,23,6.7,26.6,79.75,1.3
3.2,33.5,24.4,5.6,27.34,83.25,2.866667
2.3,27.2,23.2,0.8,24.32,76.5,1.766667
0,30,18,11.6,23.64,68,2.4
0,32.8,18.6,10.3,24.96,67.25,1.4
0,35.8,19.2,11.2,27.32,62.5,2
0,32.6,16.8,7,25.72,70.5,3.133333
0,26.8,22,0.1,23.72,77.5,2.266667
0,28.8,19.8,9,24.32,74.5,4.1
25,23.9,18,1.6,20.62,89.25,2.233333
3.4,27.4,17,10.4,22.22,65.75,2.566667
0,27.8,17.2,10.4,22.28,71,1.966667
0,28.4,17.2,11.3,22.4,63,1.966667
0,32.3,18.6,10.6,24.42,66.75,2.166667
0,32.7,20.6,6.3,25.82,68.5,1.7
2.7,27.2,21,0.9,22.86,85.5,2